1   6    7
1   7    2
2   7    8
2   8    3
3   8    9
3   9    4
4   9   10
4   10   5
6   11  12
6   12   7
7   12  13
7   13   8
8   13  14
8   14   9
9   14  15
9   15  10
11  16  17
11  17  12
12  17  18
12  18  13
13  18  19
13  19  14
14  19  20
14  20  15
16  21  22
16  22  17
17  22  18
22  23  18
18  23  24
23  25  24
18  24  19
24  25  19
19  25  26
19  26  20
21  27  28
21  28  22
22  28  29
22  29  23
23  29  31
23  31  25
31  32  25
25  32  33
25  33  26
29  30  31
30  34  31
34  35  31
31  35  32
35  36  32
32  36  33
36  37  33
