0.0       0.0
0.0       1.5
0.0       3.0
0.0       4.5
0.0       6.0
2.7       0.0
2.7       1.5
2.7       3.0
2.7       4.5
2.7       6.0
4.5       0.0
4.5       1.5
4.5       3.0
4.5       4.5
4.5       6.0
6.0       0.0
6.0       1.5
6.0       3.0
6.0       4.5
6.0       6.0
6.9       0.0
7.2       1.2
7.8       2.7
6.9       3.6
7.5       4.5
7.2       6.0
8.25      0.0
8.42      0.86
8.91      1.59
9.64      2.08
9.0       3.3
8.7       4.5
8.4       6.0
10.5      2.25
10.5      3.6
10.5      4.8
10.5      6.0
